init 500 500

g 100 50 50 10 10

g 100 100 100 12 8

g 90 150 150 15 10

g 80 200 200 20 15

g 75 250 250 25 20

g 70 300 300 30 25

g 65 350 350 35 30

g 60 400 400 40 35

g 55 450 450 45 40

g 50 25 25 12 18

g 45 75 75 18 22

g 40 125 125 10 16

g 35 175 175 20 25

g 30 225 225 12 12

g 25 275 275 18 20

g 20 325 325 22 18

g 15 375 375 25 25

g 10 425 425 30 30

g 5 475 475 35 35

g 100 50 450 10 10

g 95 100 400 12 12

g 90 150 350 15 15

g 85 200 300 18 18

g 80 250 250 20 20

g 75 300 200 22 22

g 70 350 150 25 25

g 65 400 100 28 28

g 60 450 50 30 30

g 40 200 250 25 30

g 60 25 275 28 22

g 55 75 250 30 25

g 50 125 225 35 28

g 45 175 200 10 10

g 40 225 175 12 12

g 35 275 150 15 15

g 30 325 125 18 18

g 25 375 100 20 20

g 20 425 75 22 22

g 15 475 50 25 25

g 10 25 25 28 28

g 5 75 450 30 30

g 100 125 400 35 35

generate

gnuplot plot

bmp picture.bmp

bin 2

wave 11

kmeans 5 5